	@genefutures	abeilles	agriculteur	alimentation	aliments	alternatives	animal	cancers	cancérogène	centre international	chercheuse	citoyens	commission	consommateurs	coopérative agricole	culture	désherbant	développement	eau	effet	europe	glyphosate	greenpeace	génération	herbicide	insectes	jardinerie	lasso	loi	maladie	monde	monsanto	nature	néonicotinoïdes	ogm	paris	paysan	pesticides	plantes	politique	population	pratiques	problème	production	produits chimiques	recherche	roundup	roundup de monsanto	régions	santé	scientifiques	substances	syngenta	systèmes	terre de diatomée	traitements	travail	triskalia	vignerons	écologique	études
@genefutures	1.0	0.0018164652439484773	0.016525477136431693	0.004818843439033118	0.0036249019024196427	0.02009994420263235	0.0	0.016126635136514963	0.0	0.0	0.0	0.0	0.0	0.0	0.0	0.003534385417271179	0.0	0.0	0.0	0.0	0.0	0.004612067303171637	0.0	0.022156669801466463	0.0	0.0	0.0	0.0	0.0	0.008829489036753563	0.0	0.003772442050170843	0.0	0.0	0.0	0.003744609302417619	0.0	0.031697057582814894	0.0	0.0	0.0	0.0	0.0	0.0	0.0	0.0	0.0040515060170535685	0.0	0.0	0.005978800882269977	0.0	0.007461440050649733	0.0	0.008020043072558944	0.0	0.0	0.0	0.010371747670562773	0.0	0.0	0.003018408052601833
abeilles	0.0018164652439484773	1.0	0.037822623121071694	0.03970479472207684	0.02931423103381955	0.008587351931615441	0.013771353431029067	0.026481298893495268	0.0016817200333857562	0.01275153426126674	0.061127578670318705	0.04315406136715142	0.09916387680795205	0.021792953319418586	0.0020151872545090595	0.08394907420794713	0.0022904796111090442	0.053115086671153444	0.01263944680229592	0.08516958971286134	0.10921741762004716	0.009969415351165335	0.03940062612820495	0.04535816683423948	0.016269095773746068	0.24932399350841067	0.0010371405532879564	0.0	0.047543536624214365	0.11466429638653378	0.12287693958330458	0.03831009850731561	0.09087712183983439	0.39389014820784013	0.01629634979015999	0.03713866146904237	0.005183794573407726	0.23303978722783375	0.12979838854509448	0.0573814488595235	0.11104534231952902	0.034095117417363416	0.03887934509072339	0.09142817658509153	0.06018812654924894	0.0911680600882403	0.007521327102669709	0.006341193268108834	0.07282370128266845	0.06112167836962644	0.16499382801668303	0.08140199980999335	0.1193022722645173	0.07138383453173805	0.0	0.032354976093114385	0.031904789550634846	0.0	0.002225327484339217	0.0509517079285898	0.1668755149155109
agriculteur	0.016525477136431693	0.037822623121071694	1.0	0.06614904939761927	0.04025497291888366	0.03596198249489238	0.034038968443180634	0.04885839570994318	0.02039949185498701	0.033396351439759595	0.01608595251613999	0.07401931718996999	0.06216468075062111	0.1765029674817789	0.06416679787205942	0.16326816724057944	0.041675742017026	0.21220237579435655	0.08129574027078026	0.07972980982562522	0.07662852608451574	0.04588240088768878	0.07664444355264793	0.06834791417507216	0.10258399476752422	0.02395820002423697	0.006814521691095425	0.23363501711181126	0.07895428236449892	0.10032227564774236	0.13673706074251762	0.1360566526707149	0.06796052362440197	0.0418938356380679	0.0793045119689072	0.0516916424208005	0.16683518497835728	0.20398225230469616	0.04744672248538012	0.11682441210849036	0.0940598887084194	0.15759337985508934	0.12954766480751237	0.12924151746529394	0.060723842519041255	0.055080829928801846	0.031088542194579127	0.014139620126276942	0.0887235755116034	0.11649916951662681	0.024726567805351714	0.03884071494298837	0.035092618076469184	0.11194792912616779	0.0	0.03163000319013402	0.1297619819701429	0.009598292423704536	0.01012257145740463	0.056427461362967224	0.034916443283185106
alimentation	0.004818843439033118	0.03970479472207684	0.06614904939761927	1.0	0.20053074292556375	0.037426118312572	0.09508742553457515	0.07211648536694414	0.040896002707211276	0.08303271623856086	0.03685532462276562	0.25072087041359886	0.05625705948403926	0.2411260136379766	0.00267301340121033	0.08679328829314477	0.004861072980285447	0.0613911650161309	0.03515324796105949	0.08300975883421337	0.04841404651048439	0.028936729004076713	0.030082712837029606	0.026905919771712215	0.02894862743305856	0.04627244483735195	0.008254192532255141	0.0	0.07140509183796805	0.07505454025526269	0.14654945942590247	0.21055906909001648	0.05336640041376586	0.04201208054285709	0.29269281944170783	0.09902923659621217	0.0829551627071156	0.20494916154089837	0.08002456295136355	0.09505156491208593	0.04019973614612879	0.12181554160261192	0.0719445820175319	0.08541156009856464	0.0761508730343998	0.10880450693582602	0.05958594537124645	0.05145660585865677	0.05355138452551254	0.19334038253655952	0.03868107754649957	0.03473302404506278	0.08186430248527302	0.1217390956140357	0.0	0.02654062081682457	0.04530687198956866	0.009796046329865301	0.0	0.17359835052144734	0.12991804652828462
aliments	0.0036249019024196427	0.02931423103381955	0.04025497291888366	0.20053074292556375	1.0	0.007344320858647993	0.1167036995538197	0.14684516560958336	0.0783068309558237	0.09484682102999382	0.041333753508687295	0.010910800076529857	0.042318519895542826	0.11561865034703472	0.0	0.05380956177639237	0.03839501856165651	0.033865753479597166	0.03783454286709758	0.11601804343495943	0.07619919377790489	0.1235816110736911	0.01802670226632645	0.03373261689614025	0.034445935308478844	0.047092831386286275	0.0013797980362189304	0.0	0.01807179729773814	0.11948918466509308	0.08287703266343549	0.04352211487186612	0.029579837696223105	0.022861708874351506	0.08657530096082282	0.019763513055325213	0.02636224220153714	0.1734728845377846	0.04695886151257682	0.01881607850279425	0.02362472024480672	0.04279906422515195	0.10584378587183599	0.07207481668555751	0.1473660103906505	0.10710204428654992	0.07525266201615201	0.06773804004025177	0.02039656553811303	0.22351640448688304	0.12174903652071851	0.08368338159720369	0.017044790927791396	0.10907765395580632	0.0	0.03865521144666696	0.04494251525963395	0.0157905585022246	0.0	0.022927440561240266	0.18442879620136754
alternatives	0.02009994420263235	0.008587351931615441	0.03596198249489238	0.037426118312572	0.007344320858647993	1.0	0.033399618490861795	0.012706463083670325	0.00992476391845539	0.017958313628606146	0.006708120081522402	0.03932498343987185	0.012514911745271303	0.048229620378391284	0.02229888598663266	0.039782931819538965	0.039031470215166744	0.029265089540866897	0.026167493524687103	0.02827310910615189	0.027960991732574568	0.03192667055385304	0.049340665911569784	0.08167679142147964	0.04873829105524653	0.015894746134006477	0.027543340875901448	0.0	0.01948477878948844	0.02352098714061887	0.03501333465662103	0.01896657879565331	0.025383905754347375	0.007084055706321008	0.036065179070179455	0.0400417450368822	0.031085877402914828	0.24270503077633412	0.03628771273886446	0.04709954943847709	0.012575825460826598	0.038944688474280065	0.022307503591601507	0.030601935105594304	0.030738769816765283	0.031638850942558215	0.0437794801271687	0.015684599167289634	0.01809570974454226	0.047108037139852114	0.025050650858511426	0.016377218532876586	0.000609759498222032	0.023922438869953624	0.0009522557206342072	0.03344672496734569	0.01287556844029806	0.0	0.016005713828508718	0.11110213158569648	0.012910540555621939
animal	0.0	0.013771353431029067	0.034038968443180634	0.09508742553457515	0.1167036995538197	0.033399618490861795	1.0	0.02560095519100079	0.00801257358080264	0.010651819989340136	0.025273154658773472	0.02272719323724265	0.024331314055522663	0.08520075364629053	0.0	0.09470224712873272	0.01590182226368597	0.03465238451262017	0.0420435421840398	0.15084855934161936	0.05045062168304955	0.032571009601595396	0.0015698234106657802	0.02876346286931104	0.039702438969861975	0.07207054251110513	0.0	0.0	0.043146990997935716	0.03606807763806603	0.0907247797141015	0.02925337728604663	0.0569306273714143	0.009632304225336315	0.11174460353648791	0.023722640007950175	0.024925879819429224	0.09286601486067637	0.07360792578298907	0.06381039651769223	0.09669389348379112	0.05109206373938888	0.07595863856836486	0.05352067731569155	0.1139189747571165	0.09714729178933991	0.05680373966167305	0.006854978952809593	0.019305060192302	0.1005902241909829	0.0854018520046347	0.10926182197517473	0.005063430767857572	0.0707982133472686	0.019329475242709535	0.08519127427803111	0.04636965673946644	0.011848716250366669	0.0017039888445531982	0.04334999506677111	0.13166001881626566
cancers	0.016126635136514963	0.026481298893495268	0.04885839570994318	0.07211648536694414	0.14684516560958336	0.012706463083670325	0.02560095519100079	1.0	0.13899456937794763	0.3352148360996965	0.10475824341715963	0.043092062102610934	0.07274597562052833	0.067077047817073	0.014057132060207549	0.044002258411348985	0.05345186721631313	0.08245965159869138	0.03050963498490584	0.16555201385109325	0.07620346219888711	0.19695063129849688	0.010725574564937166	0.034659315383663465	0.0875684041128379	0.019519454999873287	0.017100137240282528	0.0027048491329528888	0.02552338637735177	0.2069400579599549	0.16386989563228624	0.1095062337301532	0.010966348487157355	0.003418764786530103	0.05655907177690181	0.029710870390853288	0.010604122127702138	0.18805560573414454	0.024764739859827883	0.04578416862064883	0.06035902134976874	0.0285958483524358	0.11262227032794891	0.06700927592528168	0.11655921445543288	0.23482202635988275	0.12832218084638078	0.07048991138069342	0.03402795227212932	0.25171510302457134	0.163514830369593	0.09265249939315225	0.0034944549560218426	0.1001063027095664	0.0	0.1298557543130926	0.07640655573833534	0.002676182246578639	0.016581370765295932	0.04846616286871601	0.1853611224810878
cancérogène	0.0	0.0016817200333857562	0.02039949185498701	0.040896002707211276	0.0783068309558237	0.00992476391845539	0.00801257358080264	0.13899456937794763	1.0	0.29366112847926545	0.03218558065671558	0.04739250003245872	0.05637026329078356	0.05966562398740046	0.0	0.03272205059652664	0.25988921860267944	0.016715951080408614	0.019172921830297836	0.019660067234399402	0.05621813949917218	0.3366139668164977	0.004081666652925073	0.01623952977825846	0.10834585457961043	0.001867666298901364	0.049295179243955496	0.0	0.011447513656357726	0.004541399122748807	0.08719693072205659	0.12631579675579174	0.006424196434475571	0.006133411296301343	0.0638046338415868	0.019067590068854327	0.014204774743178484	0.04620672154368717	0.018986756449986687	0.014711421624805971	0.004309917785941772	0.01418109144596405	0.010921578614562414	0.006887462515976634	0.02809232600837724	0.14078245480239732	0.25256502413246784	0.23198834170985383	0.003876038869187091	0.12331405032037265	0.08265094486219815	0.07829011328424731	0.007523043265026978	0.014850234155233401	0.0	0.008395200612655317	0.015373082505471853	0.0	0.0	0.01439701346467359	0.053561304517937086
centre international	0.0	0.01275153426126674	0.033396351439759595	0.08303271623856086	0.09484682102999382	0.017958313628606146	0.010651819989340136	0.3352148360996965	0.29366112847926545	1.0	0.02218591822199581	0.05267752981680758	0.034210806619905776	0.11004586199907437	0.012642790824820274	0.05526149826275489	0.12645518673927633	0.01935781934200874	0.029416551410939587	0.04530215642726857	0.05460489056709356	0.31787915959704477	0.01326384665731404	0.05302472412302034	0.1207393525163945	0.0012874054445482736	0.06940549955315489	0.0	0.018938190082121064	0.007513061998194586	0.13068902128962756	0.142042155198635	0.005535347422245961	0.010569590377516964	0.1195094562818262	0.02748191655594446	0.029374579956345154	0.08384141025302416	0.019631708546438666	0.0219716566429719	0.0163398375531134	0.024150497731793105	0.004517027408928647	0.0	0.03340356799471376	0.40728688572761557	0.25080193734182876	0.19189491465237202	0.0032061617515340072	0.14371891938905984	0.13721501697605024	0.0666643047362602	0.013828604342099983	0.0191933433673788	0.0	0.0066772101446551674	0.036500280471169766	0.0	0.0	0.040740792410393384	0.0953511234055152
chercheuse	0.0	0.061127578670318705	0.01608595251613999	0.03685532462276562	0.041333753508687295	0.006708120081522402	0.025273154658773472	0.10475824341715963	0.03218558065671558	0.02218591822199581	1.0	0.01815172607458524	0.053009395160350276	0.02252545337630822	0.0	0.05406314753468504	0.036321521660981716	0.09219383772265717	0.041802980844751536	0.15642091201917266	0.05603698664884693	0.12025181583622382	0.0005254832450861822	0.023878163563082835	0.058042077928960295	0.07461893536827174	0.0	0.0	0.01581856659493174	0.06752941630492057	0.08687226145881964	0.07746397583924554	0.029912219247812104	0.03408567842018688	0.07164983431431318	0.061965250253238485	0.008686589540933857	0.10729310647627469	0.07734078829987089	0.010311682985211937	0.1158751065157476	0.03382927028195646	0.04921242891567195	0.05755540507426979	0.05949424285719088	0.22298824387415	0.08169194291693088	0.01835710468143491	0.0719572775613264	0.11168442589631816	0.17991732208368044	0.13644044950898324	0.010546259798874481	0.09312320422080735	0.0	0.059361829601174775	0.12263501109938496	0.0	0.011407876599912749	0.018437496631094775	0.213643885547887
citoyens	0.0	0.04315406136715142	0.07401931718996999	0.25072087041359886	0.010910800076529857	0.03932498343987185	0.02272719323724265	0.043092062102610934	0.04739250003245872	0.05267752981680758	0.01815172607458524	1.0	0.31289106709132164	0.20334242170111075	0.008518489415190064	0.08510679454361482	0.005325204619871385	0.0861766812645049	0.030592284560891036	0.03208911654380947	0.1726841495484637	0.04139848234772868	0.013811643630460262	0.06311791846312906	0.012999553687397195	0.010409172915441404	0.005114834501389074	0.0	0.12919721101744572	0.016135662507678814	0.265561161293521	0.34267434766389776	0.05519836769994078	0.1014828502874882	0.3046389668275072	0.14048638824844628	0.08128887433786605	0.15297367057649505	0.028835947554873717	0.21124332791466746	0.08457293331633793	0.04300504532337308	0.11869624179228905	0.03838629433940872	0.019081796906814143	0.07331148431057721	0.03963329584922606	0.04887997135717936	0.040504785477543936	0.13175595693320966	0.08028818169367455	0.03248478418096798	0.13277394241496865	0.07155782005388704	0.0	0.010797567352659887	0.10392629358984093	0.01895410021241026	0.009994706628081646	0.17420463403981884	0.04477744878448959
commission	0.0	0.09916387680795205	0.06216468075062111	0.05625705948403926	0.042318519895542826	0.012514911745271303	0.024331314055522663	0.07274597562052833	0.05637026329078356	0.034210806619905776	0.053009395160350276	0.31289106709132164	1.0	0.06274596173618625	0.0	0.09195485767852095	0.018526268028471526	0.09057711626609506	0.016934787915823826	0.11130616148668045	0.28601447146872705	0.08948206133024178	0.007142627019908085	0.035104618875622155	0.03383015243815549	0.021532220700151268	0.001511493018476873	0.0	0.1704712567075521	0.02552429950939898	0.10980932907970854	0.0546667168895598	0.044361371444279644	0.20366459207176119	0.1932875834670565	0.025396932187419816	0.006579886201608538	0.12167857073070305	0.041590478874790546	0.16901824649220207	0.06418136927643472	0.017431240373605456	0.11909391497087321	0.04105608304379871	0.031881431663520324	0.08863372550781012	0.04684839750655829	0.06197199104118199	0.021226152177628244	0.1535574820994944	0.24283294105254905	0.12443966277583994	0.048184859247023114	0.09853349583347482	0.0	0.020939668293433206	0.11569533817399136	0.013838152139637405	0.0	0.05569145177771811	0.11746024643373452
consommateurs	0.0	0.021792953319418586	0.1765029674817789	0.2411260136379766	0.11561865034703472	0.048229620378391284	0.08520075364629053	0.067077047817073	0.05966562398740046	0.11004586199907437	0.02252545337630822	0.20334242170111075	0.06274596173618625	1.0	0.005797028393297241	0.14013878285431058	0.02899139589370332	0.13948051830387395	0.07916991253671868	0.12410025225301023	0.1001507041970158	0.07456466275652973	0.08569805796147287	0.06483501637089888	0.05935713389120205	0.020070432600745675	0.031824116774180476	0.0	0.062232629478084375	0.05511875892292084	0.14791393830792865	0.17036777547988632	0.05329993187272353	0.015993170655975945	0.20715546294213805	0.04547364299514498	0.07600343059535193	0.1974644923908017	0.043927895219984595	0.1270942124202114	0.07696547744532767	0.16452195441821088	0.10839109369107346	0.14130037325025302	0.09988925091910247	0.1038254574128363	0.0687621775076257	0.06974698598833046	0.04483815594378617	0.19303051454223646	0.05353416110261953	0.06932207006453743	0.028533387845072585	0.09269982956949234	0.0	0.072867601823323	0.06802483982323805	0.02427990978937683	0.006401532454234352	0.1379494036716028	0.07728427606710905
coopérative agricole	0.0	0.0020151872545090595	0.06416679787205942	0.00267301340121033	0.0	0.02229888598663266	0.0	0.014057132060207549	0.0	0.012642790824820274	0.0	0.008518489415190064	0.0	0.005797028393297241	1.0	0.003921048568991825	0.0	0.014421993580834527	0.0	0.0	0.0	0.002558314638073272	0.12157672814516209	0.0	0.0043276562268245305	0.0	0.0	0.0	0.0	0.01795830410460428	0.0014378966417656423	0.0	0.0	0.0	0.0	0.07477687853416345	0.0036474494370583367	0.0814341072296624	0.0	0.0	0.005164528707388903	0.005997547504503444	0.0	0.009003461652399116	0.010098820766430665	0.010224128505670393	0.002247371182667312	0.0	0.005573539451587786	0.03205893955167174	0.00836955628691932	0.04345805373229103	0.0	0.0	0.0	0.0	0.028655513427749173	0.2991669443391064	0.0	0.0027239665775491946	0.010045869234396296
culture	0.003534385417271179	0.08394907420794713	0.16326816724057944	0.08679328829314477	0.05380956177639237	0.039782931819538965	0.09470224712873272	0.044002258411348985	0.03272205059652664	0.05526149826275489	0.05406314753468504	0.08510679454361482	0.09195485767852095	0.14013878285431058	0.003921048568991825	1.0	0.040555955388399664	0.15695268565433612	0.09123280485515645	0.1714827700504589	0.08686128318062335	0.051575805300256884	0.025803889128434652	0.04220920353582016	0.10886430036274161	0.10940197783898993	0.00941740420151906	0.006224471635294836	0.04698808302674045	0.055922616589876024	0.1998383087465325	0.11038164963893086	0.1109013087987195	0.06392224763325113	0.20417771409395338	0.055215971559408335	0.12136172333686668	0.1751671523289787	0.17048077007247547	0.09225531335262682	0.14373711133733827	0.12679603275472098	0.0901255751712495	0.18994343473215497	0.06441104260732806	0.10260356356737046	0.07878634998320255	0.10451325522913515	0.12379811998704299	0.12859153156726952	0.10340364086816707	0.057226382647885286	0.03538274876559999	0.14960978307996325	0.015907291899236887	0.0708239948813839	0.09494391263206353	0.002052834208233391	0.0324744653200933	0.1195502531731089	0.07975559331596575
désherbant	0.0	0.0022904796111090442	0.041675742017026	0.004861072980285447	0.03839501856165651	0.039031470215166744	0.01590182226368597	0.05345186721631313	0.25988921860267944	0.12645518673927633	0.036321521660981716	0.005325204619871385	0.018526268028471526	0.02899139589370332	0.0	0.040555955388399664	1.0	0.018031381645545408	0.03133590776053605	0.06977253869444933	0.02366657616334126	0.2451277917741015	0.003812005013481305	0.01816005585001604	0.09444196310870118	0.0010174943493719572	0.27512851714446873	0.006609196220917159	0.03617194715459242	0.004082313374070325	0.09479090845859207	0.14619468409405156	0.011812050989103694	0.0016707244061832092	0.02729875471681309	0.01983148062248331	0.000829144641465945	0.06699989502033124	0.061442651413711004	0.011354160827858336	0.005870048889398856	0.019768909668547035	0.06604517858310183	0.015861791608706755	0.026974260616969205	0.06972500793024901	0.3328359631518753	0.22472042933704406	0.008235414342320717	0.07086654848707931	0.029965671258053286	0.05786248849469532	0.0006830854470405558	0.0156750067520544	0.0	0.008971408467234956	0.013493331018902661	0.0	0.011034131141494688	0.12384337769621129	0.04643410928527134
développement	0.0	0.053115086671153444	0.21220237579435655	0.0613911650161309	0.033865753479597166	0.029265089540866897	0.03465238451262017	0.08245965159869138	0.016715951080408614	0.01935781934200874	0.09219383772265717	0.0861766812645049	0.09057711626609506	0.13948051830387395	0.014421993580834527	0.15695268565433612	0.018031381645545408	1.0	0.08656553444603207	0.19434261199747407	0.08841070812535208	0.038052071869739856	0.02659291169214059	0.053093987694804924	0.03739084588286341	0.09937393103674237	0.01896849318013595	0.0	0.11461769833904016	0.08177556598356389	0.12454844084150998	0.018613794395682635	0.18311555073768254	0.034965399918211834	0.04570529393884351	0.10949576288901505	0.1029187328173537	0.1355157236579407	0.09047358683575901	0.1317450792119661	0.16944836969514618	0.1397136195991812	0.13168017582065777	0.22106058180315682	0.06240286891559602	0.1157316362680886	0.02998610674121197	0.012457724998597233	0.10850169583595927	0.12356272990500021	0.08695838870822475	0.07016137891693137	0.007230063968166345	0.1172566566645068	0.0	0.0695675482596844	0.1629659910435131	0.0025168405213329397	0.001990736755516394	0.10307736726828838	0.10767107288825711
eau	0.0	0.01263944680229592	0.08129574027078026	0.03515324796105949	0.03783454286709758	0.026167493524687103	0.0420435421840398	0.03050963498490584	0.019172921830297836	0.029416551410939587	0.041802980844751536	0.030592284560891036	0.016934787915823826	0.07916991253671868	0.0	0.09123280485515645	0.03133590776053605	0.08656553444603207	1.0	0.08702228593624795	0.02168375577497972	0.04399707920241454	0.027142721885335525	0.020514820359685	0.035023836016891886	0.04301654861560911	0.02593698188627517	0.0	0.04773668886803394	0.028076471491772087	0.058766524056447556	0.02215696436167741	0.04828288149578561	0.018587662424243513	0.019923545931494226	0.041185265676547365	0.028411945602372462	0.18722965290415147	0.05054355611349668	0.09095100401620225	0.07366662572965897	0.060672887728243786	0.06407866526745123	0.052371900366782145	0.06027589188291392	0.03982061820835694	0.03296581211796216	0.026338813508404314	0.0665325326905072	0.08834850708038561	0.08255207980202192	0.08708939580728894	0.0036478437687066847	0.06300630701072803	0.05411963407731317	0.06857637299479248	0.03478647392504721	0.006984132615075211	0.0030690086294885488	0.07605571014859792	0.0474258661020394
effet	0.0	0.08516958971286134	0.07972980982562522	0.08300975883421337	0.11601804343495943	0.02827310910615189	0.15084855934161936	0.16555201385109325	0.019660067234399402	0.04530215642726857	0.15642091201917266	0.03208911654380947	0.11130616148668045	0.12410025225301023	0.0	0.1714827700504589	0.06977253869444933	0.19434261199747407	0.08702228593624795	1.0	0.12153757326167333	0.09167055876352685	0.03235512302060474	0.04178071278293463	0.07673992659601199	0.15627370195329268	0.09422578768657741	0.008548086765791642	0.07360325878080402	0.12239794067197306	0.16645986200308424	0.06562524145427716	0.14994351888152543	0.07866853086828826	0.0889299761227764	0.1000017117740377	0.04658170666026445	0.21672290756377727	0.11764619732912555	0.0896219731879895	0.1912260515137197	0.10524909726714413	0.17122549533159778	0.15055397376039842	0.12479703420882772	0.11836087314772956	0.13545341627207044	0.053075601450601174	0.06861944382291718	0.23503136620202958	0.17917180596413831	0.23690833247518797	0.01656519607654524	0.17534913512424002	0.0017246474796826236	0.1928192712612029	0.12825545594925486	0.007400304898842902	0.01951131301233231	0.08459209690921553	0.28120547851436306
europe	0.0	0.10921741762004716	0.07662852608451574	0.04841404651048439	0.07619919377790489	0.027960991732574568	0.05045062168304955	0.07620346219888711	0.05621813949917218	0.05460489056709356	0.05603698664884693	0.1726841495484637	0.28601447146872705	0.1001507041970158	0.0	0.08686128318062335	0.02366657616334126	0.08841070812535208	0.02168375577497972	0.12153757326167333	1.0	0.08625737081387122	0.053152138278340526	0.0462331478307577	0.06210361403194456	0.043029566743560135	0.01050621894818533	0.001620296573820902	0.11237691382428788	0.03730296726493499	0.13983310029972623	0.07016551774254329	0.04290099926023777	0.09113405613860483	0.11745346270422172	0.10128841387673009	0.03506430744509397	0.16206373353171918	0.0555358580225263	0.15309591363578184	0.08922350414718441	0.02841054129514642	0.09481506879434118	0.08718087396824631	0.07949613363965484	0.07407242070369952	0.053542397356929554	0.02380517887745006	0.021742826761104048	0.11274288151280834	0.13876383391137687	0.08880319452569327	0.07787065963833806	0.06817962371896619	0.03661372815246795	0.0207003438537611	0.07756681466991393	0.0	0.00169069016545757	0.04098759390957221	0.10030708751672358
glyphosate	0.004612067303171637	0.009969415351165335	0.04588240088768878	0.028936729004076713	0.1235816110736911	0.03192667055385304	0.032571009601595396	0.19695063129849688	0.3366139668164977	0.31787915959704477	0.12025181583622382	0.04139848234772868	0.08948206133024178	0.07456466275652973	0.002558314638073272	0.051575805300256884	0.2451277917741015	0.038052071869739856	0.04399707920241454	0.09167055876352685	0.08625737081387122	1.0	0.027327873147368013	0.10837042950499397	0.32869918188135666	0.0	0.09655562739416107	0.0013537328615596189	0.020757812512198725	0.03382657221459596	0.15783550879212063	0.21126730220536472	0.022849992132336627	0.01026621599205311	0.08540993293238844	0.015474269553642065	0.0029720264667370154	0.09559988757048854	0.05672797859432383	0.017784178063622726	0.034567175368844426	0.019547763692398183	0.06154515130913043	0.028034877188921437	0.08463860821646814	0.17078257323970691	0.46094176902768647	0.2514520251284124	0.012975569484037067	0.15596211893866235	0.1614809604893892	0.13369319844410796	0.01084328970047292	0.031847510423905497	0.0	0.007836714789424026	0.04026541834044592	0.0006696927763140886	0.0	0.017756409573726515	0.13077482361160583
greenpeace	0.0	0.03940062612820495	0.07664444355264793	0.030082712837029606	0.01802670226632645	0.049340665911569784	0.0015698234106657802	0.010725574564937166	0.004081666652925073	0.01326384665731404	0.0005254832450861822	0.013811643630460262	0.007142627019908085	0.08569805796147287	0.12157672814516209	0.025803889128434652	0.003812005013481305	0.02659291169214059	0.027142721885335525	0.03235512302060474	0.053152138278340526	0.027327873147368013	1.0	0.00410265222391572	0.011969736974521765	0.010672467751424709	0.0007192061744119735	0.0	0.004186554153605328	0.01899618199539918	0.024410772673738368	0.01969179054262052	0.007709099937381055	0.008411605559880431	0.015347599978152476	0.054677389057072194	0.006261748781206713	0.2535672426212565	0.007030583238088196	0.06052749601559571	0.03447962949930511	0.05605748725715506	0.012481908103940462	0.07213111737575151	0.030821551560977167	0.01316418335210327	0.01736175731308014	0.0023279860264641163	0.006378905674633877	0.07000887336641756	0.03192980603949256	0.049737662749024296	0.008597835350544447	0.00975880659186672	0.0	0.010627858974884153	0.032796182533837315	0.0	0.00231473342029429	0.08521370981686856	0.04311554589045625
génération	0.022156669801466463	0.04535816683423948	0.06834791417507216	0.026905919771712215	0.03373261689614025	0.08167679142147964	0.02876346286931104	0.034659315383663465	0.01623952977825846	0.05302472412302034	0.023878163563082835	0.06311791846312906	0.035104618875622155	0.06483501637089888	0.0	0.04220920353582016	0.01816005585001604	0.053093987694804924	0.020514820359685	0.04178071278293463	0.0462331478307577	0.10837042950499397	0.00410265222391572	1.0	0.07320695371102494	0.008760587544894657	0.053765530954823997	0.08129275344796114	0.03605329315439513	0.04656043339851805	0.05588389598828576	0.06533541514504397	0.03443853834545393	0.056512002731001175	0.05775298967405073	0.03833124919431511	0.025496084795480465	0.1919869806831246	0.03206175063594433	0.03696764813138209	0.03898869203109631	0.04360047799801436	0.0497657141379148	0.023286030282354448	0.07129782029575223	0.08075863273166742	0.04869907545254195	0.014787093619283737	0.03973886565372349	0.09025644262015334	0.06084431252390412	0.06654156703688753	0.005041148270442996	0.031718994138172536	0.0	0.014280308108548204	0.03777185380483779	0.019303484625666233	0.016116656413172836	0.021325735181385273	0.10065119517411741
herbicide	0.0	0.016269095773746068	0.10258399476752422	0.02894862743305856	0.034445935308478844	0.04873829105524653	0.039702438969861975	0.0875684041128379	0.10834585457961043	0.1207393525163945	0.058042077928960295	0.012999553687397195	0.03383015243815549	0.05935713389120205	0.0043276562268245305	0.10886430036274161	0.09444196310870118	0.03739084588286341	0.035023836016891886	0.07673992659601199	0.06210361403194456	0.32869918188135666	0.011969736974521765	0.07320695371102494	1.0	0.007050909269316446	0.01336368448188402	0.16487859075779304	0.01566624900908329	0.07940242039328894	0.11155474366287416	0.18912882897555677	0.026147716812365555	0.002532596479071093	0.1075913523138159	0.019632256523326334	0.01615979881593557	0.092748223752703	0.1300987886776562	0.02776965541440254	0.05135541289819184	0.033067082525710265	0.05463200487845587	0.0655957035674983	0.09644429757741357	0.09260795252823921	0.2520186538809801	0.05286927452799094	0.01316971804136136	0.1084038355860324	0.09146597515222835	0.07171793842173878	0.02011764235476766	0.05606336298847832	0.0	0.03611286410409699	0.03627327925214734	0.0	0.00238946835406384	0.05846452477266317	0.0478044607888159
insectes	0.0	0.24932399350841067	0.02395820002423697	0.04627244483735195	0.047092831386286275	0.015894746134006477	0.07207054251110513	0.019519454999873287	0.001867666298901364	0.0012874054445482736	0.07461893536827174	0.010409172915441404	0.021532220700151268	0.020070432600745675	0.0	0.10940197783898993	0.0010174943493719572	0.09937393103674237	0.04301654861560911	0.15627370195329268	0.043029566743560135	0.0	0.010672467751424709	0.008760587544894657	0.007050909269316446	1.0	0.0023036324954755537	0.0	0.027377976130519375	0.07879948279651099	0.15461939744555822	0.04602640309792697	0.09406632059702753	0.1320933326384957	0.023478775097542183	0.02157433370588863	0.008171171953966435	0.15774351351890004	0.18571312030631837	0.022139571476688987	0.06678928675679746	0.02992555168339392	0.061835445724590016	0.058676186733452436	0.07147067073848659	0.06715191512452875	0.003203872555677664	0.0008285097978507611	0.06072775777308945	0.057861096911312124	0.07755614530205256	0.08386996055636221	0.04651039110986748	0.06568639254440928	0.07550200884773771	0.10212376713210972	0.04543693637704961	0.0	0.06858079319166639	0.041606906077490374	0.09786345667891028
jardinerie	0.0	0.0010371405532879564	0.006814521691095425	0.008254192532255141	0.0013797980362189304	0.027543340875901448	0.0	0.017100137240282528	0.049295179243955496	0.06940549955315489	0.0	0.005114834501389074	0.001511493018476873	0.031824116774180476	0.0	0.00941740420151906	0.27512851714446873	0.01896849318013595	0.02593698188627517	0.09422578768657741	0.01050621894818533	0.09655562739416107	0.0007192061744119735	0.053765530954823997	0.01336368448188402	0.0023036324954755537	1.0	0.0	0.03482856244243898	0.003921043186445903	0.006413601481640082	0.11894521615252374	0.0072634702996861285	0.0012608538597596308	0.007004573370772482	0.014966321671645251	0.0	0.12017676256781486	0.01451965786602824	0.014113154207851123	0.0	0.0010289035131058487	0.001796131240589504	0.0007722901166944747	0.00866246758112764	0.04121877828491174	0.2779783840852775	0.2763703214163297	0.001912326436052967	0.021240763867496504	0.004307493618157547	0.029821619002982126	0.0	0.0	0.0	0.00557570361558771	0.009831938275945012	0.0	0.0	0.012149994353039886	0.013787275735238157
lasso	0.0	0.0	0.23363501711181126	0.0	0.0	0.0	0.0	0.0027048491329528888	0.0	0.0	0.0	0.0	0.0	0.0	0.0	0.006224471635294836	0.006609196220917159	0.0	0.0	0.008548086765791642	0.001620296573820902	0.0013537328615596189	0.0	0.08129275344796114	0.16487859075779304	0.0	0.0	1.0	0.0058068670513954064	0.041466071240075696	0.043369212946445766	0.2550449360514456	0.0	0.0	0.003177245974842947	0.0032973504069846765	0.0038600976520555596	0.059005124350396766	0.00072234181424888	0.001554691118902688	0.006832029299302455	0.0	0.03324048710135664	0.01071941421192963	0.0026718968282990253	0.0	0.0017837955758972467	0.0	0.0	0.01930385782452281	0.0033215646778718528	0.0	0.0	0.007062123215968976	0.0	0.007370567995040159	0.0010830766031528051	0.0	0.0	0.0	0.0008859623899229147
loi	0.0	0.047543536624214365	0.07895428236449892	0.07140509183796805	0.01807179729773814	0.01948477878948844	0.043146990997935716	0.02552338637735177	0.011447513656357726	0.018938190082121064	0.01581856659493174	0.12919721101744572	0.1704712567075521	0.062232629478084375	0.0	0.04698808302674045	0.03617194715459242	0.11461769833904016	0.04773668886803394	0.07360325878080402	0.11237691382428788	0.020757812512198725	0.004186554153605328	0.03605329315439513	0.01566624900908329	0.027377976130519375	0.03482856244243898	0.0058068670513954064	1.0	0.02486261126666723	0.08507858998475835	0.031868014047813815	0.12924599042976795	0.12110219155404241	0.0653585757902631	0.025928602151866556	0.026407758904142483	0.12209923060238	0.03237662786277277	0.15403828155829274	0.060600027608819045	0.07187191261211223	0.10912841846779385	0.03821225865736262	0.04727333098610329	0.03956418882090651	0.03646972030794457	0.014218951343998231	0.01182753586251662	0.11398441500031885	0.04283517679824099	0.047531670018050344	0.01200323380671867	0.06497333431925721	0.0	0.029558686766698313	0.08073865563364846	0.0	0.005301752486377915	0.10132866275501853	0.09321491365977481
maladie	0.008829489036753563	0.11466429638653378	0.10032227564774236	0.07505454025526269	0.11948918466509308	0.02352098714061887	0.03606807763806603	0.2069400579599549	0.004541399122748807	0.007513061998194586	0.06752941630492057	0.016135662507678814	0.02552429950939898	0.05511875892292084	0.01795830410460428	0.055922616589876024	0.004082313374070325	0.08177556598356389	0.028076471491772087	0.12239794067197306	0.03730296726493499	0.03382657221459596	0.01899618199539918	0.04656043339851805	0.07940242039328894	0.07879948279651099	0.003921043186445903	0.041466071240075696	0.02486261126666723	1.0	0.09185655504183125	0.03471510456544194	0.036882832793603416	0.0021837746645496634	0.028545380053684295	0.03301890280024498	0.021946149439866565	0.1553517463424741	0.07767415595152699	0.016150309700627072	0.07404095946048452	0.05390674387482547	0.12715659893131065	0.08426827374187829	0.08814396125460927	0.0949336864247373	0.028546636912012636	0.009670062378132232	0.040573379988633335	0.19790293287562585	0.07149642192844584	0.053802574219244705	0.003571396185867818	0.1487070530052461	0.0	0.13209412234044962	0.07358843269050003	0.02906050839881545	0.0536337459594158	0.045729267710208264	0.09029359074054152
monde	0.0	0.12287693958330458	0.13673706074251762	0.14654945942590247	0.08287703266343549	0.03501333465662103	0.0907247797141015	0.16386989563228624	0.08719693072205659	0.13068902128962756	0.08687226145881964	0.265561161293521	0.10980932907970854	0.14791393830792865	0.0014378966417656423	0.1998383087465325	0.09479090845859207	0.12454844084150998	0.058766524056447556	0.16645986200308424	0.13983310029972623	0.15783550879212063	0.024410772673738368	0.05588389598828576	0.11155474366287416	0.15461939744555822	0.006413601481640082	0.043369212946445766	0.08507858998475835	0.09185655504183125	1.0	0.33870347937769174	0.12414708071376801	0.04087161422305099	0.2130740542358418	0.10164955817359915	0.13625876693217734	0.25058678247755967	0.08020088168063072	0.18914691682880666	0.1307617508270787	0.07729991009033081	0.15514735843385835	0.1328296815456282	0.11727571458727125	0.14983503852114888	0.12938875855338303	0.06760332345084541	0.06636537208000351	0.20959870832326385	0.18699595341004663	0.09152436824931495	0.15727622183525325	0.15513196562380507	0.0	0.058930684094077035	0.12132419608530903	0.0007527995030368566	0.014687501576816015	0.17643146294402878	0.12772440459028703
monsanto	0.003772442050170843	0.03831009850731561	0.1360566526707149	0.21055906909001648	0.04352211487186612	0.01896657879565331	0.02925337728604663	0.1095062337301532	0.12631579675579174	0.142042155198635	0.07746397583924554	0.34267434766389776	0.0546667168895598	0.17036777547988632	0.0	0.11038164963893086	0.14619468409405156	0.018613794395682635	0.02215696436167741	0.06562524145427716	0.07016551774254329	0.21126730220536472	0.01969179054262052	0.06533541514504397	0.18912882897555677	0.04602640309792697	0.11894521615252374	0.2550449360514456	0.031868014047813815	0.03471510456544194	0.33870347937769174	1.0	0.032005370295577006	0.011312968448969953	0.29865327675385517	0.13171382254153408	0.07281334189650897	0.170694808059722	0.03032723514080594	0.07832770946532418	0.06408826165121255	0.05044180386067752	0.06114007607858738	0.07457977436294029	0.07275578990951447	0.10480930963708245	0.2951456132371477	0.2778488283362233	0.013089824923520598	0.14307686471619196	0.08619621071507134	0.03848749384273114	0.21305327875177865	0.08880894364003021	0.0	0.004568077033960514	0.019877997132668506	0.002191101754586781	0.0017330882751451664	0.17670697999007923	0.0898036551586251
nature	0.0	0.09087712183983439	0.06796052362440197	0.05336640041376586	0.029579837696223105	0.025383905754347375	0.0569306273714143	0.010966348487157355	0.006424196434475571	0.005535347422245961	0.029912219247812104	0.05519836769994078	0.044361371444279644	0.05329993187272353	0.0	0.1109013087987195	0.011812050989103694	0.18311555073768254	0.04828288149578561	0.14994351888152543	0.04290099926023777	0.022849992132336627	0.007709099937381055	0.03443853834545393	0.026147716812365555	0.09406632059702753	0.0072634702996861285	0.0	0.12924599042976795	0.036882832793603416	0.12414708071376801	0.032005370295577006	1.0	0.059530216060266004	0.03112615362205723	0.27464627050007334	0.02331546426233095	0.12260114402833101	0.12144772258691879	0.0674059634680824	0.06738277487126033	0.10345985134190634	0.04263065382130799	0.05991768683668109	0.030066405388484985	0.059088390752980544	0.020269543123559088	0.005699636698924051	0.04734070718040858	0.08034542908417841	0.09783981604093007	0.035517220910101455	0.006841310314973294	0.05453746951622301	0.0	0.044722420334034084	0.09642604664224547	0.0030226888200816835	0.009032084350867895	0.09731815459981655	0.05981751411711056
néonicotinoïdes	0.0	0.39389014820784013	0.0418938356380679	0.04201208054285709	0.022861708874351506	0.007084055706321008	0.009632304225336315	0.003418764786530103	0.006133411296301343	0.010569590377516964	0.03408567842018688	0.1014828502874882	0.20366459207176119	0.015993170655975945	0.0	0.06392224763325113	0.0016707244061832092	0.034965399918211834	0.018587662424243513	0.07866853086828826	0.09113405613860483	0.01026621599205311	0.008411605559880431	0.056512002731001175	0.002532596479071093	0.1320933326384957	0.0012608538597596308	0.0	0.12110219155404241	0.0021837746645496634	0.04087161422305099	0.011312968448969953	0.059530216060266004	1.0	0.02128398200860833	0.007640692325008186	0.008233192094830902	0.20014064733533085	0.04907354134708413	0.05059965158570652	0.03756342227531821	0.021560426923441338	0.025821075836849044	0.05682921732860722	0.009709205848420666	0.09573252771616189	0.005448638686890904	0.006802060084587108	0.01910425649424669	0.07264218600078172	0.24104984952697509	0.14947891069834132	0.037180132587013165	0.056160009368103975	0.0	0.02717151979603832	0.04483288161981293	0.0	0.0005072503322289468	0.03552561271324813	0.22228081090202828
